# BEGINHEADER
# This file contains data from the SALSA 2m radio telescope.
# DATE=2022-03-10T15:44:0020
# GLON and GLAT given in degrees
# GLON=189.86513340444327
# GLAT=-0.2636045179749334
# DATA in two columns below. Col. 1 is velocity relative to LSR [km/s]. Col. 2 is uncalibrated antenna temperature [K].
# ENDHEADER
222.9424611511415 -4.752974850392292
220.88131720054284 -11.5425015888241
218.82017324994422 -11.216137635864081
216.75902929934557 -12.27815618459109
214.6978853487469 -12.150625621952969
212.63674139814827 -11.518049883849638
210.57559744754963 -12.18104057308828
208.514453496951 -12.20528314116175
206.45330954635236 -13.603255473555919
204.3921655957537 -12.86216885638377
202.33102164515506 -10.95226308056319
200.26987769455644 -12.606958005616633
198.2087337439578 -12.445454258676454
196.14758979335915 -13.794520802008948
194.0864458427605 -11.883950405350388
192.02530189216188 -13.103055186018727
189.96415794156323 -12.24370766221016
187.9030139909646 -12.448908648103911
185.84187004036593 -12.515450847905178
183.7807260897673 -11.165974501496054
181.71958213916866 -11.95760361727768
179.65843818857005 -12.027502817864677
177.5972942379714 -11.68746536554175
175.53615028737272 -11.844816825399851
173.4750063367741 -11.989770157637885
171.41386238617545 -12.63830552281454
169.35271843557683 -11.27947562014027
167.29157448497818 -11.43974608613225
165.23043053437954 -10.18516791205317
163.1692865837809 -11.253223683185562
161.10814263318227 -11.938982207410039
159.04699868258362 -12.724757373009217
156.98585473198497 -11.982815094133542
154.92471078138632 -12.418200922309724
152.8635668307877 -11.924984878598103
150.80242288018906 -10.357827337430704
148.74127892959044 -11.543569380609558
146.68013497899176 -11.698508542744575
144.61899102839314 -11.215887035719874
142.5578470777945 -10.21242490638649
140.49670312719587 -10.942136434018902
138.43555917659722 -12.692103735969667
136.37441522599855 -12.04107037983127
134.31327127539993 -11.816217706878083
132.25212732480128 -11.506915576016883
130.19098337420263 -11.747258989492334
128.129839423604 -11.571487119598922
126.06869547300538 -11.776586303393298
124.00755152240673 -12.517448057409938
121.9464075718081 -12.590098998488743
119.88526362120943 -11.246752886633994
117.8241196706108 -13.25538879388264
115.76297572001215 -10.092277483251198
113.70183176941352 -10.447891322598206
111.64068781881488 -11.480755208533909
109.57954386821623 -11.091406471142086
107.5183999176176 -10.908906265100752
105.45725596701895 -10.945552546354424
103.39611201642032 -10.029581920842402
101.33496806582167 -10.917649768040885
99.27382411522304 -10.702035275912948
97.2126801646244 -10.19786923052648
95.15153621402575 -11.689163329238493
93.09039226342712 -10.063836692109527
91.02924831282847 -10.896283649085467
88.96810436222984 -10.431491774473768
86.90696041163119 -12.354772490738636
84.84581646103256 -10.199453312743632
82.78467251043392 -8.9019022242787
80.72352855983526 -10.943654282154434
78.66238460923663 -10.478041914797796
76.60124065863798 -10.933435034714686
74.54009670803934 -10.50645239101233
72.4789527574407 -11.981498916649205
70.41780880684206 -10.956410425459842
68.35666485624343 -10.497837177651933
66.29552090564478 -11.019265928530034
64.23437695504614 -10.888851935030537
62.1732330044475 -10.740963284540259
60.11208905384886 -9.019188598291958
58.05094510325022 -10.084736571201677
55.98980115265158 -10.03718714249693
53.92865720205294 -9.277472351327992
51.86751325145429 -10.200253776214568
49.80636930085566 -10.339698782745916
47.745225350257016 -8.746818769197422
45.684081399658375 -10.468815457125983
43.622937449059734 -9.561522819244779
41.56179349846109 -8.033658044830586
39.50064954786245 -7.821612659283543
37.43950559726381 -8.342133318124487
35.37836164666518 -6.449454167950445
33.31721769606653 -5.286376240796147
31.25607374546789 -4.412885178888908
29.19492979486925 -0.9589058245558377
27.133785844270605 2.7620909552075816
25.072641893671967 8.481029383271038
23.011497943073323 15.521053081700753
20.95035399247468 26.28478208071984
18.88921004187604 35.87222367565744
16.8280660912774 47.76202199947
14.76692214067876 60.39319005331201
12.70577819008012 70.64584380427856
10.64463423948148 78.92696819329281
8.583490288882839 85.01534697754035
6.522346338284199 91.57530401190165
4.461202387685557 91.16721383365353
2.400058437086916 86.60755435805378
0.3389144864882753 75.88037464860972
-1.7222294641103657 65.77101629011379
-3.7833734147090063 54.00508525183795
-5.844517365307647 40.498386777921596
-7.905661315906287 27.434147684729602
-9.966805266504927 17.32702601783277
-12.027949217103568 9.6964828095805
-14.089093167702211 4.054210972859513
-16.15023711830085 -0.5921015324606806
-18.21138106889949 -2.228944821026833
-20.272525019498136 -2.940900497409425
-22.333668970096774 -3.68267622159447
-24.394812920695415 -3.6886928915732664
-26.455956871294052 -5.532233930236345
-28.517100821892694 -7.3880846351644305
-30.578244772491335 -6.790250844607088
-32.63938872308997 -7.306024848426182
-34.70053267368861 -6.6763633981105235
-36.761676624287254 -6.9411818571400685
-38.822820574885895 -7.162164143947347
-40.88396452548454 -6.669532383914095
-42.94510847608318 -6.689354430090831
-45.006252426681826 -5.935371150087227
-47.06739637728046 -5.704989217612472
-49.1285403278791 -6.666692934138029
-51.18968427847774 -7.19717681799639
-53.25082822907638 -6.592250092988116
-55.311972179675024 -7.463902016941132
-57.373116130273665 -6.269085852217838
-59.434260080872306 -6.963310725623738
-61.49540403147094 -5.548044665221759
-63.55654798206959 -7.5324419982628
-65.61769193266822 -8.084246371934174
-67.67883588326686 -8.247967595207069
-69.7399798338655 -7.8204826145143445
-71.80112378446414 -8.322314962576328
-73.8622677350628 -8.49655031273943
-75.92341168566143 -8.155830924903276
-77.98455563626008 -8.105227983435416
-80.04569958685872 -8.480076881646053
-82.10684353745735 -8.451206152449718
-84.167987488056 -6.345147790815835
-86.22913143865463 -7.736710669235502
-88.29027538925328 -8.07807622256249
-90.35141933985192 -9.194383353376082
-92.41256329045056 -7.46221653119902
-94.4737072410492 -8.18476223341079
-96.53485119164783 -8.415340518842637
-98.59599514224648 -7.893370628583735
-100.65713909284511 -9.000868166998059
-102.71828304344376 -9.2129496079412
-104.7794269940424 -8.41358476379518
-106.84057094464104 -9.32835445490423
-108.90171489523968 -8.587370819716986
-110.96285884583831 -9.537176614952834
-113.02400279643697 -7.552150799476065
-115.08514674703561 -6.944379090648534
-117.14629069763426 -7.958900284908312
-119.20743464823289 -7.284892495937747
-121.26857859883154 -8.206196983951113
-123.32972254943017 -7.364318855133042
-125.3908665000288 -9.386229461371812
-127.45201045062745 -7.076564712323888
-129.51315440122607 -8.414946011981238
-131.57429835182472 -8.400564163345102
-133.6354423024234 -7.1902003501457825
-135.69658625302202 -8.705573498839039
-137.75773020362067 -8.826196090333374
-139.8188741542193 -8.654918876881972
-141.88001810481794 -8.264603255931194
-143.94116205541658 -8.291612585320324
-146.00230600601523 -7.024242413993534
-148.06344995661385 -7.8717188089232435
-150.1245939072125 -8.35648179084163
-152.18573785781112 -7.511819461778886
-154.2468818084098 -8.266445776503954
-156.30802575900842 -9.052440705950291
-158.36916970960706 -7.966384196467732
-160.43031366020568 -7.581734372708418
-162.49145761080436 -7.58366865801486
-164.55260156140298 -6.360391769475429
-166.61374551200163 -7.94805764566593
-168.67488946260025 -8.32991650738888
-170.7360334131989 -7.201386570728356
-172.79717736379757 -8.55969040359312
-174.8583213143962 -8.885004626849113
-176.91946526499484 -8.299350404617353
-178.98060921559346 -8.256076153030866
-181.0417531661921 -8.527068701965923
-183.10289711679076 -8.571077598335362
-185.1640410673894 -8.037493356365005
-187.22518501798803 -7.726880238239861
-189.28632896858667 -9.22102281850584
-191.34747291918532 -7.753606712848154
-193.40861686978397 -8.734586868769881
-195.4697608203826 -8.994639880250027
-197.53090477098124 -7.462944981673617
-199.59204872157986 -6.605717322136491
-201.65319267217853 -6.737718182524019
-203.71433662277715 -8.595347084558892
-205.7754805733758 -7.7095052713917624
-207.83662452397442 -7.434158703354195
-209.89776847457307 -7.911468097411034
-211.95891242517175 -7.222802291852917
-214.02005637577037 -8.198926383802398
-216.08120032636901 -6.714781087032023
-218.14234427696763 -6.99657420556801
-220.20348822756628 -7.186131141729148
-222.26463217816493 -7.367529447989422
-224.32577612876358 -9.349646317826851
-226.3869200793622 -6.835703436792232
-228.44806402996085 -7.507893007741675
-230.5092079805595 -7.918808638592826
-232.57035193115814 -8.125705941527498
-234.63149588175676 -6.614716596801024
-236.6926398323554 -7.885212149403224
-238.75378378295403 -9.106391671373956
-240.8149277335527 -7.170256110132296
-242.87607168415133 -8.217426934227849
-244.93721563474998 -8.002878418245086
-246.9983595853486 -7.5173173281375965
-249.05950353594724 -8.118386233553439
-251.12064748654592 -7.996701638234654
-253.18179143714454 -8.076717082217524
-255.2429353877432 -7.796251450606985
-257.3040793383418 -6.677342761274769
-259.36522328894046 -7.58842044396318
-261.4263672395391 -7.242953052451245
-263.4875111901377 -8.433832024587382
-265.5486551407364 -7.815716539380695
-267.60979909133505 -6.762547281491181
-269.67094304193364 -8.807685153056568
-271.7320869925323 -8.425789660925473
-273.793230943131 -7.871261138874148
-275.8543748937296 -7.204737009041303
-277.91551884432823 -8.573571833930497
-279.9766627949268 -9.390645245061847
-282.03780674552553 -7.359228182037722
-284.0989506961242 -8.9076290429556
-286.16009464672277 -7.259185215977265
-288.2212385973215 -7.888813689504585
-290.28238254792007 -9.05299890264138
-292.3435264985187 -8.212591625312902
-294.40467044911736 -9.821586271908055
-296.465814399716 -8.504436517635055
-298.52695835031466 -10.582712138076918
-300.58810230091325 -9.221670730528343
-302.6492462515119 -11.5771977107961
